cov_density.asc
ncols         41
nrows         70
xllcorner     473979.5318
yllcorner     4970867.4064
cellsize      250
NODATA_value  -9999
16.23234 16.80263 13.63812 7.629796 2.428696 2.482192 6.586835 18.35453 43.39101 72.90768 89.30153 82.67207 58.34476 31.26344 16.13898 7.943334 2.525802 0.1825035 0 0 0 0 0 0 0 0 0 0 0 0 0 0 0 0 0 0 0 0 0 0 0 
9.927585 16.69512 21.93193 20.86493 14.6392 7.175426 3.808195 19.64315 60.3905 103.171 125.964 119.3386 85.37387 41.05347 13.71384 5.239458 1.067795 1.815306e-06 0 0 0 0 0 0 0 0 0 0 0 0 0 0 0 0 0 0 0 0 0 0 0 
13.74446 37.54452 58.77037 64.38514 50.75935 27.60215 12.71977 26.99067 72.7732 119.6522 144.1791 136.5839 98.21946 46.7133 12.34586 2.758591 0.3159308 0 0 0 0 0 0 0 0 0 0 0.002818407 0.3919414 1.669018 2.223913 1.136948 0.1632748 0 0 0 0 0 0 0 0 
39.06384 85.0993 124.8912 135.5233 111.6509 68.8729 34.04844 33.58846 70.49369 112.6642 132.8081 122.4555 85.44024 37.70437 7.477546 0.6259608 0.000819199 0 0 0 0 0 0 0 0 0 0.01665955 2.200367 9.959484 18.01454 19.68259 13.68267 4.970052 0.5383431 0 0 0 0 0 0 0 
87.82961 158.4859 212.365 221.8341 186.8875 125.9187 69.53728 43.21312 54.04955 80.26155 94.1488 82.85509 52.47442 18.61526 1.793976 0 0 0 0 0 0 0 0 0 0 0.00284739 2.501694 15.9703 39.96488 61.39032 64.66131 47.38044 21.85042 4.454784 0.09007724 0 0 0 0 0 0 
143.2928 236.2169 299.0634 303.5473 249.1142 167.1811 96.88298 55.51915 37.28354 39.82658 44.08955 35.37801 18.18104 4.126629 0.04305404 0 0 0 0 0 0 0 0 0 0 0.736218 10.21074 38.58973 83.33665 119.8052 126.7222 99.20305 52.67981 13.94129 0.6430793 0 0 0 0 0 0 
179.4014 280.3336 342.859 341.3829 271.9122 173.5479 100.5723 60.02776 30.88612 15.73856 10.07382 5.677595 1.744192 0.05969343 0 0 0 0 0 0 0 0 0 0 0 2.460537 16.74935 56.36729 116.6569 164.8581 175.229 142.5275 82.37372 26.19441 2.015358 0.364607 0.2723711 0.07094892 0.0001749265 0 0 
179.3017 269.1439 320.1456 310.8419 239.6017 145.6392 82.06326 49.63623 25.17642 8.713146 1.716757 0.02479957 0 0 0 0 0 0 0 0 0 0 0 0 0 2.821499 16.75893 56.99604 121.9995 173.5905 185.668 153.0978 92.9215 37.60648 12.75479 11.49952 8.449993 3.954904 0.8774755 0.03300072 0 
149.3099 219.231 254.9874 236.9362 173.7795 98.46635 51.14907 29.53794 13.28297 2.865103 0.08804387 0.0004300553 0.02751884 0.03567855 0.008052668 0 0 0 0 0 0 0 0 0 0 1.375541 10.51031 39.97997 94.67215 140.9527 153.0508 128.6013 86.40077 50.70719 35.12528 33.60217 26.75401 15.12517 5.421355 0.7713104 0 
121.1089 166.4051 182.1814 158.0987 106.0371 50.57693 20.87099 10.41108 2.98073 0.07989527 0.01678422 0.1574938 0.2937796 0.3199261 0.2170197 0.05980572 0 0 0 0 0 0 0 0 0 0.07413343 3.314612 16.96969 50.13213 82.77165 95.53601 92.45439 84.16003 77.06892 72.00104 61.89984 44.64359 26.52923 11.14162 2.33081 0 
124.1595 136.832 129.2434 102.6005 62.55888 22.81935 4.048604 1.062702 0.06549783 0 0.1471823 0.5570279 0.9907045 1.066651 0.7321996 0.2694844 0.02404554 0 0 0 0 0 0 0 0 0 0.1201123 2.231582 14.07785 33.00599 56.07757 84.43684 113.7911 136.5558 137.007 108.7765 66.08302 33.40499 13.38048 3.048467 0 
153.4754 139.3483 111.0248 76.55803 46.69133 18.03378 2.675041 0.2838636 0.002352647 0.01584695 0.4745644 1.435032 2.17677 2.289011 1.719089 0.7724352 0.09056368 0 0 0 0 0 0 0 0 0 0 0.001714526 3.20242 18.19703 53.83826 110.8916 174.964 214.6733 209.9203 160.6791 89.87597 36.78053 11.16155 2.075965 0 
195.235 159.1312 112.9512 69.9278 41.97145 17.14519 3.135455 0.1208321 0 0.03889899 0.9251713 2.209178 3.123304 3.321916 2.669753 1.388344 0.2243071 0 0 0 0 0 0 0 0 0 0 0.2028622 5.804594 22.87966 67.04926 141.5829 221.2101 264.8677 250.4066 185.9899 99.92458 34.77436 6.719181 0.5513093 0 
237.8838 191.1621 129.5159 75.77205 42.44988 15.51985 2.968596 0.1991258 0 0.08445216 1.071008 2.429352 3.631896 4.091627 3.49141 2.051262 0.5283438 0.01615645 0 0 0 0 0 0 0 0 0 0.4537626 7.587485 25.32491 69.21528 152.2092 239.9176 280.4059 252.8719 174.8236 86.46239 26.43054 2.789458 0.007783264 0 
283.1931 230.4115 163.5929 98.49955 50.80923 17.04542 2.633885 0.08645314 0 0.05702691 0.8129752 2.156316 3.547419 4.164071 3.689139 2.342639 0.8791745 0.1700139 0 0 0 0 0 0 0 0 0 0.181598 5.570627 20.08447 59.82053 143.9706 230.1538 266.066 232.1819 149.2154 63.89828 15.29063 0.7413896 0 0 
313.7253 272.413 214.5041 142.926 73.87768 24.3463 2.43936 0.05132536 0 0.00730456 0.3795727 1.481576 2.776476 3.444338 3.16803 2.163481 1.034163 0.3297556 0.001179783 0 0 0 0 0 0 0 0 0.0001813095 1.830097 11.74691 50.0576 120.2846 188.4274 216.2168 186.4566 115.6826 40.70137 4.535535 0.009417872 0 0 
308.9758 295.992 255.9333 184.3571 97.42038 33.03266 3.897521 0.4363334 0.04676596 0 0.04803838 0.6948437 1.701087 2.325208 2.266929 1.673596 1.00447 0.3223084 0.0001778531 0 0 0 0 0 0 0 0 0 0.03418488 5.020283 38.46159 93.12777 140.4825 157.0871 133.9848 79.64353 23.3028 0.7744122 0 0 0 
261.224 276.1768 255.5303 191.7492 104.2576 38.37651 6.056692 0.8533095 0.2281636 0 0 0.1884025 0.7609355 1.254826 1.400827 1.18466 0.6808777 0.1518622 0 0 0 0 0 0 0 0 0 0 0 2.309659 25.5614 67.59739 102.6928 113.6173 94.11286 53.2366 13.88246 0.2582666 0 0 0 
178.9653 216.1151 219.7569 173.9885 101.4979 40.62962 7.89104 1.177552 0.3208722 0 0 0.01686765 0.2518472 0.5643275 0.691441 0.5477706 0.2269487 0.00165678 0 0 0 0 0 0 0 0 0 0 0 0.4363027 10.87704 38.01186 63.41364 70.75742 55.9132 27.10668 4.362402 0.0005281947 0 0 0 
98.26608 150.0012 172.0329 150.1958 101.3526 48.02501 11.70261 1.710399 0.2937299 0 0 0 0.004644595 0.06212552 0.1022014 0.05193952 1.915976e-05 0 0 0 0 0 0 0 0 0 0 0 0 0.0001559843 1.447132 10.02999 21.79514 25.56587 17.83579 7.071302 2.851716 2.066959 0.5982274 0.0009829774 0 
48.87585 99.68317 132.7423 132.4921 102.3559 56.5037 17.57975 2.461925 0.2880627 0 0 0 0 0 0 0 0 0 0 0 0 0 0 0 0 0 0 0 0 0 0.0001204692 0.3259458 1.67621 2.566268 4.22774 7.043157 8.799783 7.687954 4.285012 0.8102168 0 
28.06361 71.50414 106.9255 116.61 97.40811 59.05242 20.38206 2.483337 0.266388 0 0 0 0 0 0 0 0 0 0 0 0 0 0 0 0 0 0 0 0 0 0 0 0.002306904 1.772579 7.014835 12.10831 14.43793 13.00006 8.402536 2.864604 0 
18.80292 53.72379 84.92536 96.0545 82.23332 50.12891 16.11814 1.388335 0.1118116 0 0 0 0 0 0 0 0 0 0 0 0 0 0 0 0 0 0 0 0 0 0 0 0.03055926 2.675439 8.788479 14.42133 16.95893 15.39763 10.34527 4.021105 0 
10.35406 32.99279 55.8118 64.7697 54.45822 30.31595 7.722132 0.6217866 0.0761542 0 0 0 0 0 0 0 0 0 0 0 0 0 0 0 0 0 0 0 0 0 0 0 0.01003542 2.082012 7.656997 12.95754 15.36857 13.88645 9.119013 3.285508 0 
15.34746 18.68135 25.55381 29.40526 23.24096 10.69577 2.587231 0.5907246 0.2146093 0.005053388 0 0 0 0 0 0 0 0 0 0 0 0 0 0 0 0 0 0 0 0 0 0 0 0.6095306 4.237622 8.334163 10.28408 9.083749 5.340984 1.275047 0 
45.98882 29.58395 14.22155 8.454679 6.459263 3.550242 1.521248 0.6445287 0.2792147 0.0185601 0 0 0 0 0 0 0 0 0 0 0 0 0 0 0 0 0 0 0 0 0 0 0 0.006292637 0.7590302 2.779879 3.934145 3.218202 1.239865 0.05365023 0 
100.074 63.40085 23.60528 4.280959 2.209174 1.616215 0.9471303 0.5497139 0.222223 0.006277885 0 0 0 0 0 0 0 0 0 0 0 0 0 0 0 0 0 0 0 0 0 0 0 0 0 0.03370046 0.1421507 0.06676736 0.0002233603 0 0 
157.7059 104.0614 40.65171 4.630777 0.7080163 0.625283 0.5043058 0.316152 0.08541144 0 0 0 0 0 0 0 0 0 0 0 0 0 0 0 0 0 0 0 0 0 0 0 0 0 0 0 0 0 0 0 0 
188.2626 125.1324 50.43737 5.812104 0.5005118 0.4404749 0.2109986 0.06810552 0 0 0 0 0 0 0 0 0 0 0 0 0 0 0 0 0 0 0 0 0 0 0 0 0 0 0 0 0 0 0 0 0 
183.9797 117.5825 44.23412 5.874961 1.095068 0.8587215 0.4019962 0.02854058 0 0 0 0 0 0 0 0 0 0 0 0 0 0 0 0 0 0 0 0 0 0 0 0 0 0 0 0 0 0 0 0 0 
153.7135 91.43411 31.28653 4.391535 1.82281 2.423666 2.131764 0.7590914 0.02969267 0 0 0 0 0 0 0 0 0 0 0 0 0 0 0 0 0 0 0 0 0 0 0 0 0 0 0 0 0 0 0 0 
121.4016 68.50179 22.04777 4.704526 9.686135 16.03242 16.15825 9.900308 2.647726 0.05915938 0 0 0 0 0 0 0 0 0 0 0 0 0 0 0 0 0 0 0 0 0 0 0 0 0 0 0 0 0 0 0 
104.3137 58.31461 20.47414 12.60649 25.86117 36.72038 37.19397 27.11859 12.00734 1.53846 0 0 0 0 0 0 0 0 0 0 0 0 0 0 0 0 0 0 0 0 0 0 0 0 0 0 0 0 0 0 0 
105.1182 60.5205 23.04369 20.21843 38.62722 52.03505 52.80194 40.76456 21.24271 4.459791 0.001281005 0 0 0 0 0 0 0 0 0 0 0 0 0 0 0 0 0 0 0 0 0 0 0 0 0 0 0 0 0 0 
101.5759 57.47465 21.62366 21.70641 41.21836 55.2105 56.21624 43.98393 23.47058 5.224818 0.001075156 0 0 0 0 0 0 0 0 0 0 0 0 0 0 0 0 0 0 0 0 0 0 0 0 0 0 0 0 0 0 
80.85606 44.97671 17.2683 16.38036 32.59824 45.18732 46.20403 35.18029 17.2 2.751476 0 0 0 0 0 0 0 0 0 0 0 0 0 0 0 0 0 0 0 0 0 0 0 0 0 0 0 0 0 0 0 
57.60409 32.98248 11.86476 7.250057 16.9002 25.85441 26.54224 18.393 6.485601 0.2829177 0 0 0 0 0 0 0 0 0 0.002367783 0.003995234 0 0 0 0 0 0 0 0 0 0 0 0 0 0 0 0 0 0 0 0 
36.95138 22.22329 9.684868 3.437613 3.925977 6.645819 6.812293 3.227851 0.2936282 0 0 0 0 0 0 0 0 0.00676305 0.1955632 0.3974594 0.4172925 0.2389532 0.02538126 0 0 0 0 0 0 0 0 0.04032559 0.3617909 0.4568629 0.1251201 0.0107473 0.001027899 0 0 0 0 
21.83293 18.44528 16.79406 14.89431 10.52548 3.855801 0.1174249 0 0 0 0 0 0 0 0 0 0 0.2440012 0.7309612 1.088355 1.121024 0.8128589 0.3267989 0.004833213 0 0 0 0 0 0 0.2879633 2.054603 3.777583 4.324917 4.476542 3.901845 3.000201 1.234626 0.04521623 0 0 
33.16388 36.6111 38.76439 36.48988 30.67422 17.84825 4.230197 0.06025704 0 0 0 0 0 0 0 0 0.04012622 0.5388467 1.199231 1.647069 1.687204 1.303526 0.6589746 0.09553837 0 0 0 0 0 0.04732528 1.972851 5.498594 8.430424 12.30301 16.51031 18.46534 16.66261 11.31527 3.793868 0.1490023 0 
95.29404 89.82631 76.71883 61.15944 48.60986 31.97802 11.87941 1.052213 0 0 0 0 0 0 0 0 0.07165904 0.642363 1.351434 1.824665 1.866897 1.462019 0.7729718 0.1417445 0 0 0 0 0 0.3188781 3.51512 8.564763 18.18337 32.74739 44.77326 46.93687 41.06757 32.49667 18.33089 4.98928 0 
181.7907 164.0603 125.561 84.70927 57.00864 37.60493 15.62247 2.261436 0.005225539 0 0.0008402563 0.05317972 0.0961476 0.07150041 0.01051934 0 0.02639452 0.4846628 1.117686 1.551256 1.590213 1.218449 0.5989033 0.0735644 0 0 0 0 0 0.354358 3.939882 16.84168 45.72055 80.62898 102.2764 99.33108 81.18157 65.57059 47.43563 22.83705 0 
241.1079 214.0461 158.0508 95.87637 52.36721 32.00113 12.73157 2.003254 0.008129043 0.002249606 0.13779 0.3281237 0.4254827 0.3716234 0.197827 0.02489926 0 0.1749081 0.6071469 0.9360027 0.9663169 0.6819798 0.2459311 6.871895e-06 0 0 0 0 0 0.1536855 5.412816 36.87414 93.75594 152.3856 184.8769 178.3027 146.8573 113.0923 87.18851 52.87295 0 
246.2299 212.9062 149.9982 80.74811 34.8652 18.34741 6.232464 0.7540016 0 0.07155248 0.3495927 0.6286647 0.7610003 0.6883559 0.4420127 0.1427766 0 0 0.1080286 0.2671176 0.2834184 0.1408214 0.002266508 0 0 0 0 0 0 0.5580558 8.459589 59.52549 140.7504 218.1382 259.1859 255.6702 217.8022 164.6521 127.9368 88.11923 0 
196.9645 163.49 103.238 44.26619 12.85354 5.386601 1.385291 0.03850185 0 0.1335572 0.4749636 0.7935177 0.9414153 0.8604129 0.5817916 0.2263574 0.004440522 0 0 0 0 0 0 0 0 0 0 0 0 0.8107496 10.01237 70.31922 167.7775 255.7575 301.2574 302.5457 262.4013 205.2488 164.415 118.9899 0 
116.035 91.16914 47.13859 13.09997 1.335606 0.2954969 0.01732939 0.06425923 0.1626242 0.3261061 0.6320816 0.8419984 0.9189317 0.8160343 0.5454035 0.2077015 0.07461669 0.1454128 0.1237585 0.05588136 3.610404e-05 0 0 0 0 0 0 0 0 0.529175 7.292458 63.08712 160.1582 250.0657 293.5084 296.2325 275.0977 242.0918 212.6385 157.5983 0 
52.85725 34.57213 12.99144 1.766422 0.001603874 0 0.08082072 0.3093733 0.5654009 0.8291559 1.068053 1.087693 0.8991767 0.6397415 0.3860292 0.3532777 0.588616 0.7530002 0.651433 0.3610782 0.112366 0 0 0.01832342 0.1872661 0.3110998 0.260197 0.08397958 0.01426789 0.09642223 3.40749 41.08514 116.1931 194.9643 235.3871 255.3113 280.4053 295.8695 281.6028 212.8211 0 
51.37312 28.51257 7.445697 0.2461932 0 0.005010429 0.2160935 0.5568328 1.020839 1.366922 1.458358 1.291421 0.8826541 0.4779243 0.3203831 0.6966265 1.193598 1.484025 1.418683 1.209529 1.108374 0.7456802 0.2621698 0.3803028 0.7717178 1.007081 0.9408875 1.390069 2.07202 2.110071 2.023138 20.08482 62.8356 116.1619 157.576 214.2817 296.6449 361.5751 364.9986 284.4273 0 
85.44019 52.68247 17.52061 1.098613 0 0.01669327 0.2738184 0.6815904 1.239049 1.638989 1.682181 1.35216 0.8163673 0.3949528 0.4041469 0.9771652 1.648584 2.129286 3.22015 5.829559 7.519987 6.778742 4.06038 1.733805 1.480527 1.62987 2.760617 5.91813 8.617874 8.817215 6.337799 10.30501 27.65111 54.42975 97.36339 185.9571 309.7728 406.4872 422.2169 338.4539 0 
111.1591 74.33168 28.71723 2.62363 0.001641738 0.004286305 0.2111807 0.5764266 1.101244 1.488632 1.539359 1.233246 0.7291624 0.3669219 0.3927143 0.9625065 1.753857 3.065444 7.847344 13.47887 16.30923 15.04593 10.62013 5.191084 2.203965 2.164959 5.770514 11.77078 15.98921 16.38649 12.97376 8.013602 10.54796 21.18821 58.84533 153.2511 287.5941 392.7839 412.9672 334.9691 0 
119.8191 84.70197 38.43954 9.106173 0.801407 0 0.07489025 0.3016039 0.6676885 0.9761132 1.027648 0.8021142 0.4583798 0.1922214 0.2165896 0.6649051 1.906411 5.408434 12.91437 20.31601 23.63498 21.99701 16.71305 9.607942 3.653867 2.464047 7.698862 15.28128 20.52643 20.98153 17.11096 10.10078 4.094218 6.098562 29.95337 104.5036 218.5858 311.8819 330.8087 264.2752 0 
105.3942 76.5024 40.34184 17.48896 4.259335 0.009752324 0 0.05643025 0.1776929 0.3407451 0.3863616 0.2943625 0.1683489 0.02752759 0.1113401 3.440242 10.06426 16.39068 22.112 24.88866 27.1096 26.42997 20.80007 13.13503 6.206145 3.525728 10.76172 23.67619 30.6552 27.95181 18.82162 10.18027 3.909271 3.36095 13.59374 55.56323 127.4624 189.8623 202.1967 155.0381 0 
75.6664 57.92236 38.94768 22.04523 6.77776 0.08909341 0 0 0 0.0006565367 0.02710158 0.0900429 0.1079893 0.07424419 3.195574 14.01964 25.56009 32.47855 35.26678 32.70526 28.12936 26.05036 21.09923 14.78246 9.798887 11.03005 23.1037 38.39497 45.77394 39.98037 24.09289 8.728546 2.920481 2.777718 5.369732 18.3383 48.63516 79.13132 84.90897 61.93571 0 
48.5014 42.8492 34.04406 20.12579 5.631804 0.03285751 0 0 0 0.009862026 0.1680873 0.358215 0.4420736 0.4788066 8.732018 24.01174 38.10347 46.20134 48.47508 44.25399 34.68544 27.95607 21.79105 19.61676 22.34673 31.30407 43.20688 53.63116 55.97106 47.54137 28.34849 8.896071 2.208412 2.387933 2.454337 3.774395 8.64069 15.68455 17.96238 12.30716 0 
36.20875 32.00132 23.74438 12.15852 2.008792 0 0 0 0 0.09885108 0.3907284 0.6619593 0.7743724 0.9901139 11.00728 27.45771 42.58752 54.08359 59.77284 55.12357 43.56687 35.147 29.09303 30.72012 39.6039 54.42219 66.29241 68.65681 60.74703 47.47037 29.50991 12.57684 6.503278 5.473217 4.003009 4.609149 6.465796 7.072822 4.768834 1.683554 0 
45.07726 27.49112 15.01364 3.727365 0.1398993 0 0 0 0 0.1659369 0.5155674 0.8361717 0.9922397 0.9311237 8.994121 28.00114 48.06123 64.40055 70.26129 64.55216 60.85506 65.90614 65.50994 60.64173 61.17076 70.0351 79.03599 76.30229 61.00683 46.58113 43.67464 40.77044 37.7692 27.33367 17.31656 17.25196 21.28838 21.07898 15.76628 7.356241 0 
85.34714 36.83182 15.51521 3.685057 0.2846442 0.0894617 0 1.33789e-05 0 0.1429977 0.5491067 1.009134 1.230766 1.522055 9.913157 32.63066 55.83621 73.33407 80.42195 87.55427 110.6538 138.2955 139.5205 119.1827 93.92431 80.08663 75.85777 67.41085 53.63273 52.5757 69.46709 84.53356 86.49632 68.56759 46.06278 35.50648 36.1652 34.9292 27.12602 14.81278 0 
142.2186 57.62719 21.21051 6.01533 0.593613 0.304693 0.1623898 0.1851181 0.1392352 0.1222777 0.5598987 1.069793 1.317821 3.46244 15.86509 37.11308 57.98615 74.88659 93.85958 134.6222 196.302 238.5659 230.5096 190.9 139.7399 97.23458 70.78332 51.09237 40.06812 55.22928 89.89104 119.007 122.9269 101.2215 70.45939 49.75934 44.24336 41.50421 32.4062 18.25964 0 
180.2587 67.58155 21.56363 5.716877 0.8015066 0.6847854 0.5813307 0.6318093 0.5428997 0.348698 0.5256019 0.9477378 1.182996 4.258585 18.82889 40.18708 58.13301 75.12093 107.9675 180.8276 271.6953 329.2482 318.5941 262.5849 187.7287 119.5663 78.02339 46.04423 30.57613 52.54794 95.07451 126.1613 130.3713 107.8026 74.1569 49.88369 42.0747 38.45543 29.30299 15.69028 0 
179.1449 62.26438 15.28827 3.244432 1.15254 1.407684 2.967531 4.490557 4.181896 2.291609 0.7467412 0.7516085 0.9349293 2.784693 14.46944 33.08144 50.89624 68.87691 105.5327 196.327 315.6942 394.9402 393.4816 324.0709 222.7834 136.0922 87.5969 50.26176 26.46755 38.62232 75.67872 102.4204 106.1855 85.55157 54.84549 35.05275 29.99604 27.11283 19.29517 8.788838 0 
138.6571 46.01505 9.141584 2.394339 1.573392 4.816149 11.8369 17.45579 17.47044 11.75418 4.307517 0.6866755 0.7056099 0.8979834 5.957553 17.81303 31.49114 48.67881 85.08296 190.955 336.6524 434.8235 446.3569 372.6842 249.83 151.3206 100.8403 56.1449 23.19438 24.34045 48.49405 65.55523 64.52567 47.06602 26.22201 16.27501 14.63922 12.83078 7.549871 2.453347 0 
90.56512 36.09999 15.8619 9.258622 6.61376 22.00411 51.35836 78.15284 82.83311 60.59263 29.02797 6.815005 0.6121764 0.390444 0.6856238 4.048366 9.752489 22.1317 67.23965 196.643 361.0439 468.4875 484.7688 407.2331 275.1553 165.4848 108.7951 65.74206 43.23466 54.43444 69.66535 66.04152 47.04776 25.34 11.4922 7.070638 5.907729 4.097295 2.281119 1.283084 0 
67.7006 51.20607 42.20955 30.85327 30.06093 65.85767 134.8117 199.5754 217.1829 174.8027 101.3299 38.68104 8.933134 4.45381 4.260459 2.981769 2.018153 12.66778 76.17412 226.8692 406.5512 531.4675 554.1584 468.2625 320.4439 185.974 112.0662 92.14557 110.2408 149.2183 157.4085 126.3569 76.76416 37.24646 14.94982 5.723457 3.945548 2.744831 1.783328 1.151646 0 
69.80862 80.51539 87.73727 83.35434 89.20512 140.3466 243.3838 346.0442 382.9727 331.6619 217.5464 109.5841 48.62806 30.441 27.93369 22.36562 12.88837 24.18504 98.5808 264.6172 468.9899 621.893 658.5914 557.131 375.4128 213.2184 144.9511 166.3862 240.2077 296.0097 283.3927 213.8879 123.1215 54.21494 19.87229 5.24979 2.773989 2.553231 1.938067 0.9829698 0 
84.58039 126.0585 162.6309 173.9286 180.5208 234.5873 351.3414 463.7495 508.7555 462.5299 336.6974 203.2361 114.0909 77.21267 65.95777 54.47263 36.26244 46.02732 132.7905 317.9728 548.4859 719.767 746.7422 617.4124 412.0584 251.1969 206.7529 273.1779 385.7251 443.8956 402.098 287.5416 154.7924 58.91077 18.67499 6.734324 8.632695 11.36013 9.668378 4.33776 0 
114.4424 183.2955 254.2655 286.8676 294.1778 329.2025 415.6854 501.4227 547.9905 518.7671 408.3174 279.7144 180.8864 125.9697 98.02419 79.33493 56.5107 71.63958 175.8818 376.7685 616.222 782.8123 784.5228 629.4774 419.0299 270.2881 245.0995 338.2132 460.9616 509.4014 446.8865 304.5188 151.6398 48.18629 13.72975 14.48392 28.42516 36.93976 32.18405 18.32691 0 
137.0212 217.2034 316.6718 376.7477 388.7639 392.355 414.4445 446.3719 481.8874 471.3522 392.7702 293.6274 211.5103 152.3481 108.6654 85.12868 65.16927 91.04279 208.5694 414.9279 641.9473 787.7775 772.1877 607.8806 399.09 251.3511 229.3411 322.3441 429.4857 459.2118 386.965 246.1708 108.9344 27.23514 11.56265 35.20463 64.48022 78.39263 69.31938 42.4906 0 
134.2295 204.4219 319.8651 403.2286 422.511 395.5614 353.7074 326.1194 335.9304 341.5706 303.9758 246.5098 190.4764 137.2424 90.95216 69.98095 58.45627 97.62566 213.2965 399.8794 597.0428 716.0687 701.4213 554.9306 359.1183 210.5349 174.6259 238.3754 313.5949 323.4792 254.1894 145.086 54.98133 10.74014 17.99657 56.93486 94.89305 111.7741 100.2007 65.47685 0 
105.1886 152.9676 260.0899 348.1995 376.7905 340.4138 275.1776 218.4928 205.6528 214.6725 204.5714 177.1342 136.8334 92.84783 57.55527 45.41217 43.84191 86.35408 186.3445 334.1624 488.8279 591.1205 588.947 478.826 321.8776 188.8969 135.1065 154.7555 184.0018 173.9438 122.9171 63.27766 20.99056 4.741204 21.48533 63.57018 103.2828 120.6521 108.3589 71.70741 0 
62.6562 88.21017 165.4713 236.5593 264.6965 250.0802 213.7102 177.9463 164.0845 164.5947 154.3187 132.5487 97.85607 59.40188 42.04086 38.83845 39.19797 67.06769 134.5525 229.8215 340.3676 436.938 467.1221 418.8612 327.9608 233.7673 170.6645 140.8785 119.8582 84.16138 44.34752 16.89135 4.074899 2.214841 16.79927 51.22202 85.98349 101.4013 90.15638 57.52827 0 
