DistToWater/disttowater.asc
ncols         41
nrows         70
xllcorner     473979.5318
yllcorner     4970867.4064
cellsize      250
NODATA_value  -9999
707.1068 559.017 500 500 353.5534 250 250 0 0 250 353.5534 559.017 750 500 250 0 250 500 750 1000 1250 1500 1581.139 1346.291 1118.034 901.3878 707.1068 559.017 500 559.017 559.017 353.5534 250 250 250 353.5534 500 353.5534 250 0 0 
500 353.5534 250 250 250 250 0 250 0 0 250 500 707.1068 500 250 0 250 500 750 1000 1250 1500 1520.691 1274.755 1030.776 790.5694 559.017 353.5534 250 353.5534 500 250 0 0 0 250 250 250 0 0 250 
250 250 0 0 0 0 0 0 0 0 250 353.5534 559.017 500 250 0 250 500 750 1000 1250 1500 1500 1250 1000 750 500 250 0 250 500 250 0 0 0 0 0 0 0 250 353.5534 
0 0 0 0 250 250 250 250 250 0 0 250 353.5534 500 250 0 250 500 750 1000 1250 1500 1520.691 1274.755 1030.776 790.5694 559.017 353.5534 250 353.5534 500 353.5534 250 250 250 250 250 250 250 353.5534 559.017 
250 250 250 250 353.5534 500 500 500 353.5534 250 0 0 250 353.5534 250 0 250 500 750 1000 1250 1500 1581.139 1346.291 1118.034 901.3878 707.1068 559.017 500 353.5534 250 250 353.5534 500 500 500 500 250 0 250 500 
500 500 500 500 559.017 707.1068 750 707.1068 559.017 353.5534 250 0 0 250 250 0 250 500 750 1000 1250 1500 1677.051 1457.738 1250 1060.66 901.3878 750 500 250 0 0 250 500 750 750 559.017 353.5534 250 353.5534 559.017 
500 500 559.017 707.1068 790.5694 901.3878 1000 901.3878 707.1068 559.017 353.5534 250 0 0 0 250 353.5534 559.017 790.5694 1030.776 1274.755 1520.691 1767.767 1600.781 1414.214 1250 1030.776 790.5694 559.017 353.5534 250 250 353.5534 559.017 790.5694 901.3878 707.1068 559.017 500 559.017 707.1068 
250 250 353.5534 559.017 790.5694 1030.776 1250 1060.66 901.3878 707.1068 559.017 353.5534 250 0 0 0 250 500 750 1000 1250 1457.738 1677.051 1767.767 1581.139 1346.291 1118.034 901.3878 707.1068 559.017 500 500 559.017 707.1068 901.3878 1060.66 901.3878 790.5694 750 790.5694 901.3878 
0 0 250 500 750 1000 1250 1250 1060.66 901.3878 707.1068 559.017 353.5534 250 250 0 250 500 707.1068 901.3878 1118.034 1346.291 1581.139 1820.027 1677.051 1457.738 1250 1060.66 901.3878 790.5694 750 750 790.5694 901.3878 1060.66 1250 1118.034 1030.776 1000 1030.776 1118.034 
0 0 250 500 750 1000 1250 1414.214 1250 1060.66 901.3878 707.1068 559.017 500 250 0 250 353.5534 559.017 790.5694 1030.776 1274.755 1520.691 1767.767 1802.776 1600.781 1414.214 1250 1118.034 1030.776 1000 1000 1030.776 1118.034 1250 1414.214 1346.291 1274.755 1250 1274.755 1346.291 
250 0 250 500 750 1000 1250 1500 1414.214 1250 1060.66 901.3878 790.5694 559.017 353.5534 250 0 250 500 750 1000 1250 1500 1750 1952.562 1767.767 1600.781 1457.738 1346.291 1274.755 1250 1250 1274.755 1346.291 1457.738 1600.781 1581.139 1520.691 1500 1520.691 1581.139 
250 0 250 500 750 1000 1250 1500 1600.781 1414.214 1250 1118.034 901.3878 707.1068 500 250 0 250 500 750 1000 1250 1457.738 1677.051 1903.943 1952.562 1802.776 1677.051 1581.139 1520.691 1500 1500 1520.691 1581.139 1677.051 1802.776 1820.027 1767.767 1750 1767.767 1820.027 
353.5534 250 353.5534 559.017 790.5694 1030.776 1274.755 1520.691 1767.767 1600.781 1457.738 1250 1000 750 500 250 0 250 500 707.1068 901.3878 1118.034 1346.291 1581.139 1820.027 2061.553 2015.564 1903.943 1820.027 1767.767 1750 1750 1767.767 1820.027 1903.943 2015.564 2061.553 2015.564 2000 2015.564 2061.553 
559.017 500 559.017 707.1068 901.3878 1118.034 1346.291 1581.139 1820.027 1750 1500 1250 1000 750 500 250 0 250 353.5534 559.017 790.5694 1030.776 1274.755 1520.691 1767.767 2015.564 2236.068 2136.001 2061.553 2015.564 2000 2000 2015.564 2061.553 2136.001 2236.068 2304.886 2263.846 2250 2263.846 2304.886 
790.5694 750 790.5694 901.3878 1060.66 1250 1457.738 1677.051 1903.943 1767.767 1520.691 1274.755 1030.776 790.5694 559.017 353.5534 250 0 250 500 750 1000 1250 1500 1750 2000 2250 2371.708 2304.886 2263.846 2250 2250 2263.846 2304.886 2371.708 2462.214 2549.51 2512.469 2500 2512.469 2549.51 
1000 1000 1030.776 1118.034 1250 1414.214 1600.781 1802.776 2015.564 1820.027 1581.139 1346.291 1118.034 901.3878 707.1068 500 250 0 250 500 750 1000 1250 1500 1750 2000 2250 2500 2549.51 2512.469 2500 2500 2512.469 2549.51 2610.077 2692.583 2795.085 2761.34 2750 2761.34 2795.085 
750 790.5694 901.3878 1060.66 1250 1457.738 1677.051 1903.943 2121.32 1903.943 1677.051 1457.738 1250 1000 750 500 250 0 250 500 750 1000 1250 1500 1750 2000 2250 2500 2750 2761.34 2750 2750 2761.34 2795.085 2850.438 2926.175 3020.761 3010.399 3000 3010.399 3041.381 
500 559.017 707.1068 901.3878 1118.034 1346.291 1581.139 1767.767 1952.562 2000 1750 1500 1250 1000 750 500 250 0 250 500 750 1000 1250 1500 1750 2000 2250 2500 2750 3000 3000 3000 3010.399 3041.381 3092.329 3162.278 3250 3259.601 3250 3259.601 3288.237 
250 353.5534 559.017 790.5694 1030.776 1250 1414.214 1600.781 1802.776 2000 1750 1500 1250 1000 750 500 250 0 250 500 750 1000 1250 1500 1750 2000 2250 2500 2750 3000 3162.278 3250 3259.601 3288.237 3335.416 3400.368 3482.097 3508.917 3500 3508.917 3535.534 
0 250 500 707.1068 901.3878 1060.66 1250 1457.738 1677.051 1903.943 1750 1500 1250 1000 750 500 250 0 250 500 750 1000 1250 1500 1750 2000 2250 2500 2750 2850.438 2926.175 3020.761 3132.491 3250 3354.102 3473.111 3605.551 3750 3750 3758.324 3783.187 
0 250 353.5534 559.017 707.1068 901.3878 1118.034 1346.291 1581.139 1802.776 1750 1500 1250 1000 750 500 250 0 250 500 750 1000 1250 1500 1750 2000 2250 2462.214 2549.51 2610.077 2692.583 2795.085 2915.476 3020.761 3132.491 3259.601 3400.368 3553.167 3716.517 3889.087 4031.129 
0 0 250 353.5534 559.017 790.5694 1030.776 1250 1457.738 1677.051 1581.139 1500 1250 1000 750 500 250 0 250 500 750 1000 1250 1500 1750 1952.562 2121.32 2236.068 2304.886 2371.708 2462.214 2573.907 2692.583 2795.085 2915.476 3051.639 3201.562 3363.406 3535.534 3716.517 3905.125 
0 250 0 250 500 707.1068 901.3878 1118.034 1346.291 1457.738 1346.291 1274.755 1250 1000 750 500 250 0 250 500 750 1000 1250 1414.214 1600.781 1767.767 1903.943 2015.564 2061.553 2136.001 2236.068 2358.495 2462.214 2573.907 2704.164 2850.438 3010.399 3181.98 3363.406 3553.167 3750 
250 250 0 250 353.5534 559.017 790.5694 1030.776 1274.755 1250 1118.034 1030.776 1000 901.3878 750 500 250 0 250 500 707.1068 901.3878 1060.66 1250 1414.214 1581.139 1677.051 1767.767 1820.027 1903.943 2015.564 2136.001 2236.068 2358.495 2500 2657.536 2828.427 3010.399 3201.562 3400.368 3605.551 
500 250 0 0 250 500 750 1000 1250 1060.66 901.3878 790.5694 750 707.1068 559.017 500 250 0 250 353.5534 559.017 707.1068 901.3878 1060.66 1250 1346.291 1457.738 1520.691 1581.139 1677.051 1802.776 1903.943 2015.564 2150.581 2304.886 2474.874 2657.536 2850.438 3051.639 3259.601 3473.111 
559.017 353.5534 250 0 250 500 750 1000 1060.66 901.3878 707.1068 559.017 500 500 353.5534 250 250 0 0 250 353.5534 559.017 707.1068 901.3878 1030.776 1118.034 1250 1274.755 1346.291 1457.738 1581.139 1677.051 1802.776 1952.562 2121.32 2304.886 2500 2704.164 2915.476 3132.491 3354.102 
500 250 0 250 353.5534 559.017 790.5694 1030.776 901.3878 707.1068 559.017 353.5534 250 250 250 0 0 0 250 0 250 353.5534 559.017 707.1068 790.5694 901.3878 1000 1030.776 1118.034 1250 1346.291 1457.738 1600.781 1767.767 1952.562 2150.581 2358.495 2573.907 2795.085 3010.399 3181.98 
559.017 353.5534 250 0 250 500 707.1068 901.3878 790.5694 559.017 353.5534 250 0 0 0 0 250 250 353.5534 250 0 250 353.5534 500 559.017 707.1068 750 790.5694 901.3878 1030.776 1118.034 1250 1414.214 1600.781 1802.776 2015.564 2236.068 2462.214 2657.536 2828.427 3010.399 
559.017 353.5534 250 0 250 353.5534 559.017 707.1068 750 500 250 0 250 250 250 250 353.5534 500 559.017 353.5534 250 0 250 250 353.5534 500 500 559.017 707.1068 790.5694 901.3878 1060.66 1250 1457.738 1677.051 1903.943 2136.001 2304.886 2474.874 2657.536 2828.427 
353.5534 250 0 0 0 250 353.5534 500 500 500 250 0 250 500 500 500 559.017 707.1068 707.1068 559.017 353.5534 250 0 0 250 250 250 353.5534 500 559.017 707.1068 901.3878 1118.034 1346.291 1581.139 1802.776 1952.562 2121.32 2304.886 2474.874 2657.536 
250 0 250 250 0 0 250 250 250 250 250 0 250 500 750 750 790.5694 901.3878 901.3878 707.1068 559.017 353.5534 250 250 0 0 0 250 250 353.5534 559.017 790.5694 1030.776 1274.755 1457.738 1600.781 1767.767 1952.562 2121.32 2304.886 2474.874 
353.5534 250 353.5534 353.5534 250 0 0 0 0 0 0 0 250 500 750 790.5694 901.3878 1060.66 1060.66 901.3878 707.1068 559.017 500 353.5534 250 250 250 0 0 250 500 750 1000 1118.034 1250 1414.214 1600.781 1767.767 1952.562 2121.32 2304.886 
559.017 500 559.017 559.017 353.5534 250 250 250 0 0 250 250 353.5534 559.017 500 559.017 707.1068 901.3878 1118.034 1060.66 901.3878 790.5694 707.1068 559.017 500 500 353.5534 250 0 250 500 750 790.5694 901.3878 1060.66 1250 1414.214 1600.781 1767.767 1952.562 2121.32 
707.1068 559.017 500 559.017 559.017 500 500 353.5534 250 250 353.5534 500 559.017 353.5534 250 353.5534 559.017 790.5694 1030.776 1250 1118.034 1030.776 901.3878 790.5694 750 707.1068 500 250 0 250 500 500 559.017 707.1068 901.3878 1060.66 1250 1414.214 1600.781 1767.767 1952.562 
559.017 353.5534 250 353.5534 559.017 750 707.1068 559.017 500 500 559.017 707.1068 500 250 0 250 500 750 1000 1250 1346.291 1250 1118.034 1030.776 1000 750 500 250 0 250 250 250 353.5534 559.017 707.1068 901.3878 1060.66 1250 1414.214 1600.781 1767.767 
353.5534 250 0 250 500 559.017 707.1068 790.5694 750 750 790.5694 750 500 250 0 250 500 750 1000 1250 1500 1457.738 1346.291 1274.755 1030.776 790.5694 559.017 353.5534 250 0 0 0 250 353.5534 559.017 707.1068 901.3878 1060.66 1250 1414.214 1600.781 
250 0 0 250 250 353.5534 559.017 559.017 500 559.017 707.1068 790.5694 559.017 353.5534 250 353.5534 559.017 790.5694 1030.776 1274.755 1520.691 1677.051 1581.139 1346.291 1118.034 901.3878 707.1068 559.017 353.5534 250 250 250 0 250 353.5534 559.017 707.1068 901.3878 1060.66 1250 1414.214 
353.5534 250 0 0 0 250 500 353.5534 250 353.5534 559.017 790.5694 707.1068 559.017 500 559.017 707.1068 901.3878 1118.034 1346.291 1581.139 1820.027 1677.051 1457.738 1250 1060.66 901.3878 707.1068 559.017 500 500 353.5534 250 0 250 353.5534 559.017 707.1068 901.3878 1060.66 1250 
353.5534 250 0 0 250 353.5534 500 250 0 250 500 750 901.3878 790.5694 750 790.5694 901.3878 1060.66 1250 1457.738 1677.051 1903.943 1802.776 1600.781 1414.214 1250 1060.66 901.3878 790.5694 750 707.1068 559.017 353.5534 250 0 250 353.5534 559.017 707.1068 901.3878 1060.66 
250 0 0 0 250 353.5534 250 250 0 250 500 750 1000 1030.776 1000 1030.776 1118.034 1250 1414.214 1600.781 1802.776 2015.564 1952.562 1767.767 1600.781 1414.214 1250 1118.034 1030.776 1000 901.3878 707.1068 559.017 353.5534 250 0 250 353.5534 559.017 707.1068 901.3878 
353.5534 250 0 0 250 250 0 250 0 250 500 750 1000 1250 1250 1274.755 1346.291 1457.738 1600.781 1767.767 1903.943 1820.027 1767.767 1750 1767.767 1600.781 1457.738 1346.291 1274.755 1250 1060.66 901.3878 707.1068 559.017 353.5534 250 0 250 353.5534 559.017 707.1068 
250 0 0 250 0 0 0 0 0 250 500 750 1000 1250 1500 1520.691 1581.139 1677.051 1802.776 1802.776 1677.051 1581.139 1520.691 1500 1520.691 1581.139 1677.051 1581.139 1520.691 1414.214 1250 1060.66 901.3878 707.1068 559.017 353.5534 250 0 250 353.5534 500 
353.5534 250 250 353.5534 250 250 0 0 250 353.5534 559.017 790.5694 1030.776 1274.755 1520.691 1767.767 1820.027 1903.943 1767.767 1600.781 1457.738 1346.291 1274.755 1250 1274.755 1346.291 1457.738 1600.781 1767.767 1600.781 1414.214 1250 1060.66 901.3878 707.1068 559.017 353.5534 250 0 250 250 
559.017 500 500 353.5534 250 250 250 0 250 500 707.1068 901.3878 1118.034 1346.291 1581.139 1820.027 2015.564 1802.776 1600.781 1414.214 1250 1118.034 1030.776 1000 1030.776 1118.034 1250 1414.214 1600.781 1767.767 1600.781 1414.214 1250 1060.66 901.3878 707.1068 559.017 353.5534 250 0 0 
790.5694 707.1068 500 250 0 0 0 0 250 500 750 1000 1250 1457.738 1677.051 1903.943 1903.943 1677.051 1457.738 1250 1060.66 901.3878 790.5694 750 790.5694 901.3878 1060.66 1250 1457.738 1677.051 1767.767 1600.781 1414.214 1250 1060.66 901.3878 707.1068 559.017 353.5534 250 0 
790.5694 559.017 353.5534 250 0 0 0 0 250 500 750 1000 1250 1500 1750 2000 1820.027 1581.139 1346.291 1118.034 901.3878 707.1068 559.017 500 559.017 707.1068 901.3878 1118.034 1346.291 1581.139 1820.027 1767.767 1600.781 1414.214 1250 1060.66 901.3878 707.1068 500 250 0 
750 500 250 0 0 0 0 0 250 500 750 1000 1250 1500 1750 2000 1767.767 1520.691 1274.755 1030.776 790.5694 559.017 353.5534 250 353.5534 559.017 790.5694 1030.776 1274.755 1520.691 1767.767 1952.562 1767.767 1600.781 1414.214 1250 1000 750 500 250 0 
750 500 250 0 0 0 0 0 250 500 750 1000 1250 1500 1750 2000 1750 1500 1250 1000 750 500 250 0 250 500 750 1000 1250 1500 1750 2000 1952.562 1750 1500 1250 1000 750 500 250 0 
750 500 250 0 0 0 0 0 250 500 750 1000 1250 1500 1750 1952.562 1767.767 1520.691 1274.755 1030.776 790.5694 559.017 353.5534 250 353.5534 559.017 790.5694 1030.776 1274.755 1520.691 1767.767 2015.564 2000 1750 1500 1250 1000 750 500 250 0 
750 500 250 0 0 0 0 0 250 500 750 1000 1250 1414.214 1600.781 1802.776 1820.027 1581.139 1346.291 1118.034 901.3878 707.1068 559.017 500 559.017 707.1068 901.3878 1118.034 1346.291 1581.139 1750 1767.767 1820.027 1750 1500 1250 1000 750 500 250 0 
790.5694 559.017 353.5534 250 250 0 0 0 250 500 707.1068 901.3878 1060.66 1250 1457.738 1677.051 1903.943 1677.051 1457.738 1250 1060.66 901.3878 790.5694 750 790.5694 901.3878 1060.66 1250 1457.738 1500 1500 1520.691 1581.139 1677.051 1500 1250 1000 750 500 250 0 
901.3878 707.1068 559.017 500 353.5534 250 250 0 250 353.5534 559.017 707.1068 901.3878 1118.034 1346.291 1581.139 1820.027 1802.776 1600.781 1414.214 1250 1118.034 1030.776 1000 1030.776 1118.034 1250 1346.291 1274.755 1250 1250 1274.755 1346.291 1457.738 1500 1250 1000 750 500 250 0 
1060.66 901.3878 790.5694 707.1068 559.017 500 353.5534 250 0 250 353.5534 559.017 790.5694 1030.776 1274.755 1520.691 1767.767 1952.562 1767.767 1600.781 1457.738 1346.291 1274.755 1250 1274.755 1346.291 1250 1118.034 1030.776 1000 1000 1030.776 1118.034 1250 1250 1250 1000 750 500 250 0 
1250 1118.034 1030.776 790.5694 559.017 353.5534 250 0 0 0 250 500 750 1000 1250 1500 1750 1767.767 1750 1750 1677.051 1581.139 1520.691 1500 1457.738 1250 1060.66 901.3878 790.5694 750 750 790.5694 901.3878 1030.776 1000 1000 1000 750 500 250 0 
1346.291 1118.034 901.3878 707.1068 500 250 0 0 0 0 250 500 750 1000 1250 1500 1581.139 1520.691 1500 1500 1457.738 1346.291 1274.755 1250 1250 1118.034 901.3878 707.1068 559.017 500 500 559.017 707.1068 790.5694 750 750 790.5694 750 500 250 0 
1274.755 1030.776 790.5694 559.017 353.5534 250 0 0 0 0 250 500 750 1000 1250 1457.738 1346.291 1274.755 1250 1250 1250 1118.034 1030.776 1000 1000 901.3878 790.5694 559.017 353.5534 250 250 353.5534 500 559.017 500 500 559.017 707.1068 500 250 0 
1250 1000 750 500 250 0 0 0 0 0 250 500 750 1000 1250 1250 1118.034 1030.776 1000 1000 1000 901.3878 790.5694 750 750 707.1068 559.017 500 250 0 0 250 250 353.5534 250 250 353.5534 500 500 250 0 
1250 1000 750 500 250 0 0 0 0 0 250 500 750 1000 1000 1030.776 901.3878 790.5694 750 750 750 707.1068 559.017 500 500 500 353.5534 250 250 0 0 0 0 250 0 0 250 250 353.5534 250 0 
1274.755 1030.776 790.5694 559.017 353.5534 250 0 0 0 0 250 500 750 790.5694 750 790.5694 707.1068 559.017 500 500 500 500 353.5534 250 250 250 250 0 0 0 250 0 0 0 0 0 250 0 250 250 0 
1118.034 1030.776 901.3878 707.1068 559.017 353.5534 250 250 250 0 250 500 559.017 559.017 500 559.017 559.017 353.5534 250 250 250 250 250 0 0 0 0 0 0 250 353.5534 250 250 250 250 0 0 0 0 250 0 
901.3878 790.5694 750 707.1068 559.017 500 353.5534 250 250 0 250 250 353.5534 353.5534 250 353.5534 353.5534 250 0 0 0 0 0 0 0 250 250 250 0 0 250 500 500 500 353.5534 250 250 250 0 250 0 
707.1068 559.017 500 500 353.5534 250 250 0 0 0 0 0 250 250 0 250 250 0 0 250 0 0 250 250 250 353.5534 250 0 0 250 353.5534 559.017 750 707.1068 559.017 500 500 250 0 0 0 
559.017 353.5534 250 250 250 0 0 0 250 250 0 0 0 0 0 0 0 0 250 353.5534 250 250 353.5534 500 353.5534 250 0 0 0 250 500 707.1068 901.3878 901.3878 790.5694 750 559.017 353.5534 250 250 0 
353.5534 250 0 0 0 0 250 250 353.5534 353.5534 250 250 250 250 250 0 0 250 353.5534 250 353.5534 500 559.017 500 250 0 0 0 250 353.5534 559.017 790.5694 1030.776 1118.034 1030.776 901.3878 707.1068 559.017 500 353.5534 250 
250 0 0 250 250 250 353.5534 500 559.017 559.017 500 500 500 500 353.5534 250 250 353.5534 250 0 250 500 750 559.017 353.5534 250 0 0 250 500 707.1068 901.3878 1118.034 1346.291 1250 1060.66 901.3878 790.5694 707.1068 559.017 500 
0 0 250 353.5534 500 500 559.017 707.1068 790.5694 750 750 750 750 707.1068 559.017 500 500 250 0 0 250 500 707.1068 559.017 500 353.5534 250 250 353.5534 559.017 790.5694 901.3878 1060.66 1250 1414.214 1250 1118.034 1030.776 901.3878 790.5694 750 
250 250 353.5534 559.017 707.1068 750 790.5694 707.1068 559.017 500 559.017 707.1068 901.3878 901.3878 790.5694 750 500 250 0 0 250 500 559.017 353.5534 250 353.5534 500 500 500 500 559.017 707.1068 901.3878 1118.034 1346.291 1457.738 1346.291 1250 1118.034 1030.776 1000 
500 500 559.017 707.1068 901.3878 1000 790.5694 559.017 353.5534 250 353.5534 559.017 707.1068 901.3878 1030.776 790.5694 559.017 353.5534 250 0 250 500 500 250 0 250 353.5534 250 250 250 353.5534 559.017 790.5694 1030.776 1274.755 1520.691 1581.139 1457.738 1346.291 1274.755 1250 
750 750 790.5694 901.3878 1060.66 1000 750 500 250 0 250 353.5534 559.017 790.5694 1030.776 901.3878 707.1068 559.017 353.5534 250 353.5534 559.017 559.017 353.5534 250 250 250 0 0 0 250 500 750 1000 1250 1500 1750 1677.051 1581.139 1520.691 1500 
1000 1000 1030.776 1118.034 1250 1000 750 500 250 0 0 250 500 750 1000 1060.66 901.3878 707.1068 559.017 500 559.017 707.1068 707.1068 500 250 0 0 0 0 250 353.5534 559.017 790.5694 1030.776 1274.755 1520.691 1767.767 1903.943 1820.027 1767.767 1750 
