DistToWater/disttowater.asc
ncols         49
nrows         61
xllcorner     -93.330448459365
yllcorner     44.890753345665
cellsize      0.0026436195309062
NODATA_value  -9999
-9999 -9999 -9999 -9999 -9999 -9999 -9999 -9999 -9999 -9999 -9999 -9999 -9999 -9999 -9999 -9999 -9999 -9999 -9999 -9999 -9999 -9999 -9999 -9999 -9999 -9999 -9999 -9999 -9999 -9999 -9999 -9999 -9999 -9999 -9999 -9999 -9999 -9999 -9999 -9999 -9999 -9999 -9999 -9999 -9999 -9999 -9999 -9999 -9999 
-9999 -9999 -9999 -9999 500 559.017 500 353.5534 250 250 0 250 353.5534 559.017 707.1068 707.1068 901.3878 1118.034 1346.291 -9999 -9999 -9999 -9999 -9999 -9999 -9999 -9999 -9999 -9999 -9999 -9999 -9999 -9999 -9999 -9999 -9999 -9999 -9999 -9999 -9999 -9999 -9999 -9999 -9999 -9999 -9999 -9999 -9999 -9999 
-9999 -9999 -9999 -9999 250 353.5534 250 353.5534 353.5534 353.5534 250 0 250 353.5534 559.017 559.017 790.5694 1030.776 1250 -9999 -9999 -9999 -9999 -9999 -9999 -9999 -9999 -9999 -9999 -9999 -9999 -9999 -9999 -9999 -9999 -9999 -9999 -9999 -9999 -9999 -9999 -9999 -9999 -9999 -9999 -9999 -9999 -9999 -9999 
-9999 -9999 250 250 0 250 0 250 500 500 353.5534 250 0 250 500 500 707.1068 901.3878 1060.66 -9999 -9999 -9999 -9999 -9999 -9999 -9999 -9999 -9999 -9999 -9999 -9999 -9999 -9999 -9999 -9999 -9999 -9999 -9999 -9999 -9999 -9999 -9999 -9999 -9999 -9999 -9999 -9999 -9999 -9999 
-9999 -9999 0 0 250 353.5534 250 353.5534 559.017 559.017 500 250 0 250 353.5534 353.5534 559.017 707.1068 -9999 -9999 -9999 -9999 -9999 -9999 -9999 -9999 -9999 -9999 -9999 -9999 -9999 -9999 -9999 -9999 -9999 -9999 -9999 -9999 -9999 -9999 -9999 -9999 -9999 -9999 -9999 -9999 -9999 -9999 -9999 
-9999 -9999 -9999 -9999 353.5534 559.017 500 559.017 707.1068 707.1068 559.017 353.5534 250 0 250 250 353.5534 559.017 -9999 -9999 -9999 -9999 -9999 -9999 -9999 -9999 -9999 -9999 -9999 -9999 -9999 -9999 -9999 -9999 -9999 -9999 -9999 -9999 -9999 -9999 -9999 -9999 -9999 -9999 -9999 -9999 -9999 -9999 -9999 
-9999 -9999 -9999 -9999 -9999 707.1068 750 1030.776 1060.66 1060.66 901.3878 707.1068 559.017 353.5534 250 250 0 250 500 750 790.5694 790.5694 901.3878 901.3878 790.5694 750 790.5694 790.5694 750 790.5694 901.3878 1060.66 1250 1250 1457.738 1677.051 1903.943 2136.001 2371.708 2371.708 -9999 -9999 -9999 -9999 -9999 -9999 -9999 -9999 -9999 
-9999 -9999 -9999 -9999 -9999 1118.034 1250 1274.755 1250 1250 1060.66 901.3878 707.1068 559.017 353.5534 353.5534 250 353.5534 559.017 500 559.017 559.017 707.1068 707.1068 559.017 500 559.017 559.017 500 559.017 707.1068 901.3878 1118.034 1118.034 1346.291 1581.139 1820.027 2061.553 2304.886 2304.886 -9999 -9999 -9999 -9999 -9999 -9999 -9999 -9999 -9999 
-9999 -9999 -9999 -9999 -9999 1346.291 1457.738 1520.691 1414.214 1414.214 1250 1060.66 901.3878 707.1068 559.017 559.017 500 559.017 353.5534 250 353.5534 353.5534 559.017 559.017 353.5534 250 353.5534 353.5534 250 353.5534 559.017 790.5694 1030.776 1030.776 1274.755 1520.691 1767.767 2015.564 2263.846 2263.846 -9999 -9999 -9999 -9999 -9999 -9999 -9999 -9999 -9999 
-9999 -9999 -9999 -9999 -9999 1581.139 1677.051 1767.767 1600.781 1600.781 1414.214 1250 1060.66 901.3878 790.5694 790.5694 750 500 250 0 250 250 500 500 250 0 250 250 0 250 500 750 1000 1000 1250 1500 1750 2000 2250 2250 -9999 -9999 -9999 -9999 -9999 -9999 -9999 -9999 -9999 
-9999 -9999 -9999 -9999 -9999 1820.027 1903.943 1820.027 1767.767 1767.767 1600.781 1414.214 1250 1118.034 1030.776 1030.776 790.5694 559.017 353.5534 250 353.5534 353.5534 559.017 559.017 353.5534 250 353.5534 353.5534 250 353.5534 559.017 790.5694 1030.776 1030.776 1274.755 1520.691 1767.767 2015.564 2263.846 2263.846 -9999 -9999 -9999 -9999 -9999 -9999 -9999 -9999 -9999 
-9999 -9999 -9999 -9999 -9999 1802.776 1677.051 1581.139 1520.691 1520.691 1500 1520.691 1457.738 1346.291 1118.034 1118.034 901.3878 707.1068 559.017 500 559.017 559.017 707.1068 707.1068 559.017 500 559.017 559.017 500 559.017 707.1068 901.3878 1118.034 1118.034 1346.291 1581.139 1820.027 2061.553 2304.886 2304.886 -9999 -9999 -9999 -9999 -9999 -9999 -9999 -9999 -9999 
-9999 -9999 -9999 -9999 -9999 1414.214 1250 1118.034 1030.776 1030.776 1000 1030.776 1118.034 1250 1414.214 1414.214 1250 1118.034 1030.776 1000 1030.776 1030.776 1118.034 1118.034 1030.776 1000 1030.776 1030.776 1000 1030.776 1118.034 1250 1414.214 1414.214 1600.781 1802.776 2015.564 2236.068 2462.214 2462.214 -9999 -9999 -9999 -9999 -9999 -9999 -9999 -9999 -9999 
-9999 -9999 -9999 -9999 -9999 1250 1060.66 901.3878 790.5694 790.5694 750 790.5694 901.3878 1060.66 1250 1250 1457.738 1346.291 1274.755 1250 1274.755 1274.755 1346.291 1346.291 1274.755 1250 1274.755 1274.755 1250 1274.755 1346.291 1457.738 1600.781 1600.781 1767.767 1952.562 2150.581 2358.495 2573.907 2573.907 -9999 -9999 -9999 -9999 -9999 -9999 -9999 -9999 -9999 
-9999 -9999 -9999 -9999 -9999 1118.034 901.3878 707.1068 559.017 559.017 500 559.017 707.1068 901.3878 1118.034 1118.034 1346.291 1581.139 1520.691 1500 1520.691 1520.691 1581.139 1581.139 1520.691 1500 1520.691 1520.691 1500 1520.691 1581.139 1677.051 1802.776 1802.776 1952.562 2121.32 2304.886 2500 2704.164 2704.164 -9999 -9999 -9999 -9999 -9999 -9999 -9999 -9999 -9999 
-9999 -9999 -9999 -9999 -9999 1030.776 790.5694 559.017 353.5534 353.5534 250 353.5534 559.017 790.5694 1030.776 1030.776 1274.755 1520.691 1767.767 1750 1767.767 1767.767 1820.027 1820.027 1767.767 1750 1767.767 1767.767 1750 1767.767 1820.027 1903.943 2015.564 2015.564 2150.581 2304.886 2474.874 2657.536 2850.438 2850.438 3010.399 3041.381 -9999 -9999 -9999 -9999 -9999 -9999 -9999 
-9999 -9999 -9999 -9999 -9999 1000 750 500 250 250 0 250 500 750 1000 1000 1250 1500 1750 2000 2015.564 2015.564 2061.553 2061.553 2015.564 2000 2015.564 2015.564 2000 2015.564 2061.553 2136.001 2236.068 2236.068 2358.495 2500 2657.536 2761.34 2750 2750 2761.34 2795.085 -9999 -9999 -9999 -9999 -9999 -9999 -9999 
-9999 -9999 -9999 -9999 -9999 1030.776 790.5694 559.017 559.017 353.5534 250 353.5534 559.017 790.5694 790.5694 1030.776 1274.755 1520.691 1767.767 2015.564 2015.564 2263.846 2304.886 2304.886 2263.846 2250 2250 2263.846 2250 2263.846 2304.886 2371.708 2371.708 2462.214 2462.214 2371.708 2304.886 2263.846 2263.846 2250 2263.846 2304.886 2371.708 2462.214 2462.214 2573.907 2704.164 -9999 -9999 
-9999 -9999 -9999 -9999 -9999 1250 1060.66 901.3878 901.3878 790.5694 750 790.5694 901.3878 1060.66 1060.66 1250 1457.738 1677.051 1903.943 2136.001 2136.001 2371.708 2610.077 2795.085 2761.34 2750 2750 2761.34 2750 2761.34 2657.536 2500 2500 2358.495 2236.068 2136.001 2061.553 2015.564 2015.564 2000 2015.564 2061.553 2136.001 2236.068 2236.068 2358.495 2500 -9999 -9999 
-9999 -9999 -9999 -9999 -9999 1414.214 1250 1118.034 1118.034 1030.776 1000 1030.776 1118.034 1250 1250 1414.214 1600.781 1802.776 2015.564 2236.068 2236.068 2462.214 2692.583 2926.175 3010.399 3000 3000 3010.399 2850.438 2657.536 2474.874 2304.886 2304.886 2150.581 2015.564 1903.943 1820.027 1767.767 1767.767 1750 1767.767 1820.027 1903.943 2015.564 2015.564 2150.581 2304.886 -9999 -9999 
-9999 -9999 -9999 -9999 -9999 1520.691 1457.738 1346.291 1346.291 1274.755 1250 1274.755 1346.291 1457.738 1457.738 1600.781 1767.767 1952.562 2150.581 2358.495 2358.495 2573.907 2795.085 3020.761 3250 3132.491 3132.491 2915.476 2704.164 2500 2304.886 2121.32 2121.32 1952.562 1802.776 1677.051 1581.139 1520.691 1520.691 1500 1520.691 1581.139 1677.051 1802.776 1802.776 1952.562 2121.32 -9999 -9999 
-9999 -9999 -9999 -9999 -9999 1274.755 1250 1274.755 1274.755 1346.291 1457.738 1520.691 1581.139 1677.051 1677.051 1802.776 1952.562 2121.32 2304.886 2500 2500 2704.164 2915.476 3020.761 3132.491 3020.761 3020.761 2795.085 2573.907 2358.495 2150.581 1952.562 1952.562 1767.767 1600.781 1457.738 1346.291 1274.755 1274.755 1250 1274.755 1346.291 1457.738 1600.781 1600.781 1767.767 1952.562 -9999 -9999 
-9999 -9999 -9999 -9999 -9999 1030.776 1000 1030.776 1030.776 1118.034 1250 1414.214 1600.781 1802.776 1802.776 2015.564 2150.581 2304.886 2474.874 2549.51 2549.51 2610.077 2692.583 2795.085 2915.476 2926.175 2926.175 2692.583 2462.214 2236.068 2015.564 1802.776 1802.776 1600.781 1414.214 1250 1118.034 1030.776 1030.776 1000 1030.776 1118.034 1250 1414.214 1414.214 1600.781 1802.776 -9999 -9999 
-9999 -9999 -9999 -9999 -9999 790.5694 750 790.5694 790.5694 901.3878 1060.66 1250 1457.738 1677.051 1677.051 1903.943 1952.562 2000 2015.564 2061.553 2061.553 2136.001 2236.068 2358.495 2500 2657.536 2657.536 2549.51 2304.886 2061.553 1820.027 1581.139 1581.139 1346.291 1118.034 901.3878 707.1068 559.017 559.017 500 559.017 707.1068 901.3878 1118.034 1118.034 1346.291 1581.139 -9999 -9999 
-9999 -9999 -9999 -9999 -9999 353.5534 250 353.5534 353.5534 559.017 790.5694 1030.776 1250 1414.214 1414.214 1600.781 1767.767 1750 1767.767 1820.027 1820.027 1903.943 2015.564 2150.581 2304.886 2474.874 2474.874 2512.469 2263.846 2015.564 1767.767 1520.691 1520.691 1274.755 1030.776 790.5694 559.017 353.5534 353.5534 250 353.5534 559.017 790.5694 1030.776 1030.776 1274.755 1520.691 -9999 -9999 
-9999 -9999 -9999 -9999 -9999 250 0 250 250 500 750 901.3878 1060.66 1250 1250 1457.738 1520.691 1500 1520.691 1581.139 1581.139 1677.051 1802.776 1952.562 2121.32 2304.886 2304.886 2500 2250 2000 1750 1500 1500 1250 1000 750 500 250 250 0 250 500 750 1000 1000 1250 1500 -9999 -9999 
-9999 -9999 -9999 -9999 -9999 0 0 250 250 500 559.017 707.1068 901.3878 1118.034 1118.034 1346.291 1274.755 1250 1274.755 1346.291 1346.291 1457.738 1600.781 1767.767 1952.562 2150.581 2150.581 2358.495 2263.846 2015.564 1767.767 1520.691 1520.691 1274.755 1030.776 790.5694 559.017 353.5534 353.5534 250 353.5534 559.017 790.5694 1030.776 1030.776 1274.755 1520.691 -9999 -9999 
-9999 -9999 -9999 -9999 -9999 250 0 250 250 250 353.5534 559.017 790.5694 1030.776 1030.776 1118.034 1030.776 1000 1030.776 1118.034 1118.034 1250 1414.214 1600.781 1802.776 2015.564 2015.564 2236.068 2304.886 2061.553 1820.027 1581.139 1581.139 1346.291 1118.034 901.3878 707.1068 559.017 559.017 500 559.017 707.1068 901.3878 1118.034 1118.034 1346.291 1581.139 -9999 -9999 
-9999 -9999 -9999 -9999 -9999 353.5534 250 250 250 0 250 500 750 1000 1000 901.3878 790.5694 750 790.5694 901.3878 901.3878 1060.66 1250 1457.738 1677.051 1903.943 1903.943 2136.001 2371.708 2136.001 1903.943 1677.051 1677.051 1457.738 1250 1060.66 901.3878 790.5694 790.5694 750 790.5694 901.3878 1060.66 1250 1250 1457.738 1677.051 -9999 -9999 
901.3878 559.017 559.017 500 559.017 707.1068 707.1068 559.017 559.017 500 559.017 707.1068 901.3878 790.5694 790.5694 559.017 353.5534 250 353.5534 559.017 559.017 790.5694 1030.776 1274.755 1520.691 1767.767 1767.767 2015.564 2263.846 2358.495 2150.581 1952.562 1952.562 1767.767 1600.781 1457.738 1346.291 1274.755 1274.755 1250 1274.755 1346.291 1457.738 1600.781 1600.781 1767.767 1952.562 -9999 -9999 
559.017 353.5534 353.5534 250 353.5534 559.017 790.5694 790.5694 790.5694 750 790.5694 901.3878 1000 750 750 500 250 0 250 500 500 750 1000 1250 1500 1750 1750 2000 2250 2500 2304.886 2121.32 2121.32 1952.562 1802.776 1677.051 1581.139 1520.691 1520.691 1500 1520.691 1581.139 1677.051 1802.776 1802.776 1952.562 2121.32 -9999 -9999 
353.5534 250 250 0 250 500 707.1068 901.3878 901.3878 790.5694 750 790.5694 901.3878 750 750 500 250 0 250 500 500 750 1000 1250 1500 1750 1750 2000 2250 2500 2474.874 2304.886 2304.886 2150.581 2015.564 1903.943 1820.027 1767.767 1767.767 1750 1767.767 1820.027 1903.943 2015.564 2015.564 2150.581 2304.886 -9999 -9999 
250 0 0 250 250 353.5534 559.017 707.1068 707.1068 559.017 500 559.017 707.1068 790.5694 790.5694 559.017 353.5534 250 353.5534 559.017 559.017 790.5694 1030.776 1274.755 1520.691 1767.767 1767.767 2015.564 2263.846 2512.469 2657.536 2500 2500 2358.495 2236.068 2136.001 2061.553 2015.564 2015.564 2000 2015.564 2061.553 2136.001 2236.068 2236.068 2358.495 2500 -9999 -9999 
353.5534 250 250 0 0 250 500 559.017 559.017 353.5534 250 353.5534 559.017 790.5694 790.5694 707.1068 559.017 500 559.017 707.1068 707.1068 901.3878 1118.034 1346.291 1581.139 1820.027 1820.027 2061.553 2304.886 2512.469 2549.51 2610.077 2610.077 2573.907 2462.214 2371.708 2304.886 2263.846 2263.846 2250 2263.846 2304.886 2371.708 2462.214 2462.214 2573.907 2704.164 -9999 -9999 
353.5534 250 250 0 0 250 500 500 500 250 0 250 500 750 750 901.3878 790.5694 750 790.5694 901.3878 901.3878 1060.66 1250 1457.738 1677.051 1903.943 1903.943 2136.001 2250 2263.846 2304.886 2371.708 2371.708 2462.214 2573.907 2610.077 2549.51 2512.469 2512.469 2500 2512.469 2549.51 2610.077 2692.583 2692.583 2795.085 2915.476 -9999 -9999 
250 0 0 0 0 250 250 0 0 250 0 250 500 750 750 1000 1250 1250 1274.755 1346.291 1346.291 1457.738 1600.781 1767.767 1903.943 1820.027 1820.027 1767.767 1750 1767.767 1820.027 1903.943 1903.943 2015.564 2150.581 2304.886 2474.874 2657.536 2657.536 2850.438 3010.399 3041.381 3092.329 3162.278 3162.278 3250 3354.102 -9999 -9999 
250 0 0 0 250 250 0 0 0 0 0 250 500 750 750 1000 1250 1500 1520.691 1581.139 1581.139 1677.051 1802.776 1802.776 1677.051 1581.139 1581.139 1520.691 1500 1520.691 1581.139 1677.051 1677.051 1802.776 1952.562 2121.32 2304.886 2500 2500 2704.164 2915.476 3132.491 3335.416 3400.368 3400.368 3482.097 3579.455 -9999 -9999 
353.5534 250 250 250 353.5534 353.5534 250 0 0 0 250 353.5534 559.017 790.5694 790.5694 1030.776 1274.755 1520.691 1767.767 1820.027 1820.027 1903.943 1767.767 1600.781 1457.738 1346.291 1346.291 1274.755 1250 1274.755 1346.291 1457.738 1457.738 1600.781 1767.767 1952.562 2150.581 2358.495 2358.495 2573.907 2795.085 3020.761 3250 3482.097 3482.097 3716.517 3807.886 -9999 -9999 
559.017 500 500 500 353.5534 250 250 250 250 0 250 500 707.1068 901.3878 901.3878 1118.034 1346.291 1581.139 1820.027 2015.564 2015.564 1802.776 1600.781 1414.214 1250 1118.034 1118.034 1030.776 1000 1030.776 1118.034 1250 1250 1414.214 1600.781 1802.776 2015.564 2236.068 2236.068 2462.214 2692.583 2926.175 3162.278 3400.368 3400.368 3640.055 3716.517 3807.886 -9999 
790.5694 707.1068 707.1068 500 250 0 0 0 0 250 353.5534 559.017 790.5694 1030.776 1030.776 1250 1457.738 1677.051 1903.943 1903.943 1903.943 1677.051 1457.738 1250 1060.66 901.3878 901.3878 790.5694 750 790.5694 901.3878 1060.66 1060.66 1250 1457.738 1677.051 1903.943 2136.001 2136.001 2371.708 2610.077 2850.438 3092.329 3335.416 3335.416 3400.368 3482.097 3579.455 -9999 
790.5694 559.017 559.017 353.5534 250 0 0 0 0 0 250 500 750 1000 1000 1250 1500 1750 2000 1820.027 1820.027 1581.139 1346.291 1118.034 901.3878 707.1068 707.1068 353.5534 250 353.5534 559.017 790.5694 790.5694 1030.776 1274.755 1520.691 1767.767 2015.564 2015.564 2263.846 2512.469 2692.583 2795.085 2850.438 2850.438 2926.175 3020.761 3092.329 3162.278 
353.5534 250 250 250 0 0 0 0 0 0 250 500 750 1000 1000 1250 1500 1750 1952.562 1750 1750 1500 1250 1000 750 500 500 250 0 250 500 750 750 1000 1250 1500 1750 2000 2000 2250 2371.708 2462.214 2549.51 2610.077 2610.077 2692.583 2795.085 2850.438 2926.175 
250 0 0 250 0 0 0 0 0 0 250 500 750 1000 1000 1250 1457.738 1600.781 1767.767 1767.767 1767.767 1520.691 1274.755 1030.776 790.5694 559.017 559.017 353.5534 250 353.5534 559.017 790.5694 790.5694 1030.776 1274.755 1520.691 1767.767 2015.564 2015.564 2061.553 2136.001 2236.068 2304.886 2371.708 2371.708 2462.214 2549.51 2610.077 2692.583 
353.5534 250 250 250 0 0 0 0 0 0 250 500 750 1000 1000 1118.034 1250 1414.214 1600.781 1802.776 1802.776 1581.139 1346.291 1118.034 901.3878 707.1068 707.1068 559.017 500 559.017 707.1068 901.3878 901.3878 1118.034 1346.291 1581.139 1677.051 1767.767 1767.767 1820.027 1903.943 2015.564 2061.553 2136.001 2136.001 2236.068 2304.886 2371.708 2462.214 
250 0 0 250 0 250 0 0 0 250 353.5534 559.017 750 790.5694 790.5694 901.3878 1060.66 1250 1457.738 1677.051 1677.051 1677.051 1457.738 1250 1060.66 901.3878 901.3878 790.5694 750 790.5694 901.3878 1060.66 1060.66 1250 1274.755 1346.291 1457.738 1520.691 1520.691 1581.139 1677.051 1767.767 1820.027 1903.943 1903.943 2015.564 2061.553 2136.001 2236.068 
353.5534 250 250 353.5534 250 353.5534 250 0 0 0 250 500 500 559.017 559.017 707.1068 901.3878 1118.034 1346.291 1581.139 1581.139 1802.776 1600.781 1414.214 1250 1118.034 1118.034 1030.776 1000 1030.776 1118.034 1030.776 1030.776 1000 1030.776 1118.034 1250 1274.755 1274.755 1346.291 1457.738 1520.691 1581.139 1677.051 1677.051 1767.767 1820.027 1903.943 2015.564 
559.017 500 500 559.017 500 559.017 353.5534 250 250 250 0 250 0 250 250 500 750 1000 1250 1500 1500 1750 1767.767 1750 1677.051 1581.139 1581.139 1346.291 1118.034 901.3878 707.1068 559.017 559.017 500 559.017 707.1068 750 790.5694 790.5694 901.3878 1000 1030.776 1118.034 1250 1250 1274.755 1346.291 1457.738 1581.139 
1030.776 1000 1000 901.3878 707.1068 500 250 0 0 0 0 0 250 353.5534 353.5534 559.017 790.5694 1030.776 1274.755 1520.691 1520.691 1581.139 1520.691 1500 1500 1520.691 1520.691 1274.755 1030.776 790.5694 559.017 353.5534 353.5534 250 353.5534 500 500 559.017 559.017 707.1068 750 790.5694 901.3878 1000 1000 1030.776 1118.034 1250 1346.291 
1274.755 1030.776 1030.776 790.5694 559.017 353.5534 250 0 0 0 0 0 250 500 500 707.1068 901.3878 1118.034 1346.291 1457.738 1457.738 1346.291 1274.755 1250 1250 1274.755 1274.755 1250 1000 750 500 250 250 0 250 250 250 353.5534 353.5534 500 500 559.017 707.1068 750 750 790.5694 901.3878 1030.776 1118.034 
1250 1000 1000 750 500 250 0 0 0 0 0 0 250 500 500 750 1000 1250 1414.214 1250 1250 1118.034 1030.776 1000 1000 1030.776 1030.776 1000 901.3878 790.5694 559.017 353.5534 353.5534 250 250 0 0 250 250 250 250 353.5534 559.017 500 500 559.017 707.1068 790.5694 901.3878 
1250 1000 1000 750 500 250 0 0 0 0 0 0 250 500 500 707.1068 901.3878 1118.034 1250 1060.66 1060.66 901.3878 790.5694 750 750 790.5694 790.5694 750 707.1068 559.017 500 500 500 250 0 0 250 250 250 0 0 250 353.5534 250 250 353.5534 500 559.017 -9999 
1274.755 1030.776 1030.776 790.5694 559.017 353.5534 250 0 0 0 0 250 250 353.5534 353.5534 559.017 790.5694 1000 1030.776 901.3878 901.3878 707.1068 559.017 500 500 559.017 559.017 500 559.017 353.5534 250 353.5534 353.5534 250 0 250 353.5534 353.5534 353.5534 250 250 353.5534 250 0 0 250 250 353.5534 -9999 
1060.66 1060.66 901.3878 790.5694 750 707.1068 559.017 500 500 353.5534 250 353.5534 250 353.5534 353.5534 559.017 559.017 500 559.017 500 500 353.5534 250 0 0 250 250 0 250 353.5534 250 250 250 250 0 0 250 500 500 750 750 559.017 353.5534 250 250 250 250 0 250 
901.3878 901.3878 707.1068 559.017 500 500 353.5534 250 250 250 0 250 0 250 250 500 353.5534 250 353.5534 250 250 250 0 250 250 353.5534 353.5534 250 353.5534 500 250 0 0 0 0 250 353.5534 559.017 559.017 790.5694 901.3878 707.1068 559.017 500 500 500 250 0 250 
790.5694 790.5694 559.017 353.5534 250 250 250 250 0 0 0 250 250 353.5534 353.5534 500 250 0 250 0 0 250 250 353.5534 500 559.017 559.017 500 559.017 353.5534 250 0 0 0 0 250 500 707.1068 707.1068 901.3878 1060.66 901.3878 790.5694 750 750 559.017 353.5534 250 353.5534 
750 750 500 250 0 0 0 0 250 250 250 353.5534 500 559.017 559.017 559.017 353.5534 250 353.5534 250 250 353.5534 353.5534 250 353.5534 559.017 559.017 750 500 250 0 0 0 0 250 353.5534 559.017 790.5694 790.5694 1030.776 1250 1118.034 1030.776 901.3878 901.3878 707.1068 559.017 500 559.017 
-9999 -9999 -9999 -9999 250 250 250 250 353.5534 500 500 559.017 707.1068 707.1068 790.5694 707.1068 559.017 500 559.017 500 500 353.5534 250 0 250 500 500 750 500 250 0 0 0 0 250 500 707.1068 901.3878 901.3878 1118.034 1346.291 1346.291 1250 1060.66 1060.66 901.3878 790.5694 -9999 -9999 
-9999 -9999 -9999 -9999 500 500 500 500 559.017 707.1068 750 750 790.5694 790.5694 901.3878 901.3878 790.5694 750 750 500 500 250 0 0 250 500 500 750 559.017 353.5534 250 250 250 250 353.5534 559.017 790.5694 1030.776 1030.776 1346.291 1581.139 1767.767 1600.781 1457.738 1457.738 1346.291 -9999 -9999 -9999 
-9999 -9999 -9999 -9999 1000 1000 1000 1000 790.5694 559.017 353.5534 250 353.5534 353.5534 559.017 707.1068 901.3878 1030.776 790.5694 790.5694 559.017 353.5534 250 0 250 500 500 750 -9999 -9999 -9999 750 750 -9999 -9999 -9999 -9999 1250 1250 -9999 -9999 1903.943 1802.776 1677.051 1677.051 1581.139 -9999 -9999 -9999 
-9999 -9999 -9999 -9999 1250 1250 1000 1000 750 500 250 0 250 250 353.5534 559.017 790.5694 1030.776 901.3878 901.3878 707.1068 559.017 353.5534 250 353.5534 559.017 559.017 790.5694 1030.776 -9999 -9999 -9999 -9999 -9999 -9999 -9999 -9999 -9999 -9999 -9999 -9999 -9999 -9999 1903.943 1903.943 -9999 -9999 -9999 -9999 
-9999 -9999 -9999 -9999 1500 1250 1000 1000 750 500 250 0 0 0 250 500 750 1000 1060.66 1060.66 901.3878 707.1068 559.017 500 559.017 707.1068 707.1068 901.3878 1118.034 -9999 -9999 -9999 -9999 -9999 -9999 -9999 -9999 -9999 -9999 -9999 -9999 -9999 -9999 -9999 -9999 -9999 -9999 -9999 -9999 
